-20 -20 0.000
-20 -19 0.000
-20 -18 0.000
-20 -17 0.000
-20 -16 0.000
-20 -15 0.000
-20 -14 0.000
-20 -13 0.000
-20 -12 0.000
-20 -11 0.000
-20 -10 0.000
-20  -9 0.000
-20  -8 0.000
-20  -7 0.000
-20  -6 0.000
-20  -5 0.000
-20  -4 0.000
-20  -3 0.000
-20  -2 0.000
-20  -1 0.000
-20   0 0.000
-20   1 0.000
-20   2 0.000
-20   3 0.000
-20   4 0.000
-20   5 0.000
-20   6 0.000
-20   7 0.000
-20   8 0.000
-20   9 0.000
-20  10 0.000
-20  11 0.000
-20  12 0.000
-20  13 0.000
-20  14 0.000
-20  15 0.000
-20  16 0.000
-20  17 0.000
-20  18 0.000
-20  19 0.000
-20  20 0.000
-19 -20 0.000
-19 -19 0.004
-19 -18 0.007
-19 -17 0.011
-19 -16 0.015
-19 -15 0.018
-19 -14 0.022
-19 -13 0.026
-19 -12 0.029
-19 -11 0.033
-19 -10 0.036
-19  -9 0.040
-19  -8 0.043
-19  -7 0.046
-19  -6 0.050
-19  -5 0.053
-19  -4 0.056
-19  -3 0.058
-19  -2 0.061
-19  -1 0.064
-19   0 0.067
-19   1 0.064
-19   2 0.061
-19   3 0.058
-19   4 0.056
-19   5 0.053
-19   6 0.050
-19   7 0.046
-19   8 0.043
-19   9 0.040
-19  10 0.036
-19  11 0.033
-19  12 0.029
-19  13 0.026
-19  14 0.022
-19  15 0.018
-19  16 0.015
-19  17 0.011
-19  18 0.007
-19  19 0.004
-19  20 0.000
-18 -20 0.000
-18 -19 0.007
-18 -18 0.015
-18 -17 0.022
-18 -16 0.029
-18 -15 0.037
-18 -14 0.044
-18 -13 0.051
-18 -12 0.058
-18 -11 0.065
-18 -10 0.072
-18  -9 0.079
-18  -8 0.086
-18  -7 0.093
-18  -6 0.099
-18  -5 0.105
-18  -4 0.111
-18  -3 0.117
-18  -2 0.123
-18  -1 0.128
-18   0 0.133
-18   1 0.128
-18   2 0.123
-18   3 0.117
-18   4 0.111
-18   5 0.105
-18   6 0.099
-18   7 0.093
-18   8 0.086
-18   9 0.079
-18  10 0.072
-18  11 0.065
-18  12 0.058
-18  13 0.051
-18  14 0.044
-18  15 0.037
-18  16 0.029
-18  17 0.022
-18  18 0.015
-18  19 0.007
-18  20 0.000
-17 -20 0.000
-17 -19 0.011
-17 -18 0.022
-17 -17 0.033
-17 -16 0.044
-17 -15 0.055
-17 -14 0.066
-17 -13 0.077
-17 -12 0.088
-17 -11 0.098
-17 -10 0.109
-17  -9 0.119
-17  -8 0.129
-17  -7 0.139
-17  -6 0.149
-17  -5 0.158
-17  -4 0.167
-17  -3 0.176
-17  -2 0.184
-17  -1 0.192
-17   0 0.200
-17   1 0.192
-17   2 0.184
-17   3 0.176
-17   4 0.167
-17   5 0.158
-17   6 0.149
-17   7 0.139
-17   8 0.129
-17   9 0.119
-17  10 0.109
-17  11 0.098
-17  12 0.088
-17  13 0.077
-17  14 0.066
-17  15 0.055
-17  16 0.044
-17  17 0.033
-17  18 0.022
-17  19 0.011
-17  20 0.000
-16 -20 0.000
-16 -19 0.015
-16 -18 0.029
-16 -17 0.044
-16 -16 0.058
-16 -15 0.073
-16 -14 0.088
-16 -13 0.102
-16 -12 0.117
-16 -11 0.131
-16 -10 0.145
-16  -9 0.159
-16  -8 0.173
-16  -7 0.186
-16  -6 0.199
-16  -5 0.211
-16  -4 0.223
-16  -3 0.235
-16  -2 0.246
-16  -1 0.256
-16   0 0.267
-16   1 0.256
-16   2 0.246
-16   3 0.235
-16   4 0.223
-16   5 0.211
-16   6 0.199
-16   7 0.186
-16   8 0.173
-16   9 0.159
-16  10 0.145
-16  11 0.131
-16  12 0.117
-16  13 0.102
-16  14 0.088
-16  15 0.073
-16  16 0.058
-16  17 0.044
-16  18 0.029
-16  19 0.015
-16  20 0.000
-15 -20 0.000
-15 -19 0.018
-15 -18 0.037
-15 -17 0.055
-15 -16 0.073
-15 -15 0.091
-15 -14 0.110
-15 -13 0.128
-15 -12 0.146
-15 -11 0.164
-15 -10 0.182
-15  -9 0.200
-15  -8 0.217
-15  -7 0.234
-15  -6 0.250
-15  -5 0.265
-15  -4 0.280
-15  -3 0.294
-15  -2 0.307
-15  -1 0.320
-15   0 0.333
-15   1 0.320
-15   2 0.307
-15   3 0.294
-15   4 0.280
-15   5 0.265
-15   6 0.250
-15   7 0.234
-15   8 0.217
-15   9 0.200
-15  10 0.182
-15  11 0.164
-15  12 0.146
-15  13 0.128
-15  14 0.110
-15  15 0.091
-15  16 0.073
-15  17 0.055
-15  18 0.037
-15  19 0.018
-15  20 0.000
-14 -20 0.000
-14 -19 0.022
-14 -18 0.044
-14 -17 0.066
-14 -16 0.088
-14 -15 0.110
-14 -14 0.132
-14 -13 0.154
-14 -12 0.176
-14 -11 0.198
-14 -10 0.219
-14  -9 0.241
-14  -8 0.262
-14  -7 0.282
-14  -6 0.301
-14  -5 0.320
-14  -4 0.337
-14  -3 0.354
-14  -2 0.370
-14  -1 0.385
-14   0 0.400
-14   1 0.385
-14   2 0.370
-14   3 0.354
-14   4 0.337
-14   5 0.320
-14   6 0.301
-14   7 0.282
-14   8 0.262
-14   9 0.241
-14  10 0.219
-14  11 0.198
-14  12 0.176
-14  13 0.154
-14  14 0.132
-14  15 0.110
-14  16 0.088
-14  17 0.066
-14  18 0.044
-14  19 0.022
-14  20 0.000
-13 -20 0.000
-13 -19 0.026
-13 -18 0.051
-13 -17 0.077
-13 -16 0.102
-13 -15 0.128
-13 -14 0.154
-13 -13 0.180
-13 -12 0.205
-13 -11 0.231
-13 -10 0.257
-13  -9 0.282
-13  -8 0.307
-13  -7 0.331
-13  -6 0.354
-13  -5 0.375
-13  -4 0.396
-13  -3 0.415
-13  -2 0.433
-13  -1 0.450
-13   0 0.467
-13   1 0.450
-13   2 0.433
-13   3 0.415
-13   4 0.396
-13   5 0.375
-13   6 0.354
-13   7 0.331
-13   8 0.307
-13   9 0.282
-13  10 0.257
-13  11 0.231
-13  12 0.205
-13  13 0.180
-13  14 0.154
-13  15 0.128
-13  16 0.102
-13  17 0.077
-13  18 0.051
-13  19 0.026
-13  20 0.000
-12 -20 0.000
-12 -19 0.029
-12 -18 0.058
-12 -17 0.088
-12 -16 0.117
-12 -15 0.146
-12 -14 0.176
-12 -13 0.205
-12 -12 0.235
-12 -11 0.265
-12 -10 0.295
-12  -9 0.324
-12  -8 0.353
-12  -7 0.380
-12  -6 0.407
-12  -5 0.432
-12  -4 0.455
-12  -3 0.477
-12  -2 0.496
-12  -1 0.515
-12   0 0.533
-12   1 0.515
-12   2 0.496
-12   3 0.477
-12   4 0.455
-12   5 0.432
-12   6 0.407
-12   7 0.380
-12   8 0.353
-12   9 0.324
-12  10 0.295
-12  11 0.265
-12  12 0.235
-12  13 0.205
-12  14 0.176
-12  15 0.146
-12  16 0.117
-12  17 0.088
-12  18 0.058
-12  19 0.029
-12  20 0.000
-11 -20 0.000
-11 -19 0.033
-11 -18 0.065
-11 -17 0.098
-11 -16 0.131
-11 -15 0.164
-11 -14 0.198
-11 -13 0.231
-11 -12 0.265
-11 -11 0.299
-11 -10 0.333
-11  -9 0.366
-11  -8 0.399
-11  -7 0.432
-11  -6 0.462
-11  -5 0.491
-11  -4 0.516
-11  -3 0.540
-11  -2 0.561
-11  -1 0.581
-11   0 0.600
-11   1 0.581
-11   2 0.561
-11   3 0.540
-11   4 0.516
-11   5 0.491
-11   6 0.462
-11   7 0.432
-11   8 0.399
-11   9 0.366
-11  10 0.333
-11  11 0.299
-11  12 0.265
-11  13 0.231
-11  14 0.198
-11  15 0.164
-11  16 0.131
-11  17 0.098
-11  18 0.065
-11  19 0.033
-11  20 0.000
-10 -20 0.000
-10 -19 0.036
-10 -18 0.072
-10 -17 0.109
-10 -16 0.145
-10 -15 0.182
-10 -14 0.219
-10 -13 0.257
-10 -12 0.295
-10 -11 0.333
-10 -10 0.371
-10  -9 0.409
-10  -8 0.447
-10  -7 0.484
-10  -6 0.519
-10  -5 0.552
-10  -4 0.580
-10  -3 0.605
-10  -2 0.627
-10  -1 0.648
-10   0 0.667
-10   1 0.648
-10   2 0.627
-10   3 0.605
-10   4 0.580
-10   5 0.552
-10   6 0.519
-10   7 0.484
-10   8 0.447
-10   9 0.409
-10  10 0.371
-10  11 0.333
-10  12 0.295
-10  13 0.257
-10  14 0.219
-10  15 0.182
-10  16 0.145
-10  17 0.109
-10  18 0.072
-10  19 0.036
-10  20 0.000
 -9 -20 0.000
 -9 -19 0.040
 -9 -18 0.079
 -9 -17 0.119
 -9 -16 0.159
 -9 -15 0.200
 -9 -14 0.241
 -9 -13 0.282
 -9 -12 0.324
 -9 -11 0.366
 -9 -10 0.409
 -9  -9 0.453
 -9  -8 0.496
 -9  -7 0.539
 -9  -6 0.579
 -9  -5 0.616
 -9  -4 0.648
 -9  -3 0.674
 -9  -2 0.696
 -9  -1 0.715
 -9   0 0.733
 -9   1 0.715
 -9   2 0.696
 -9   3 0.674
 -9   4 0.648
 -9   5 0.616
 -9   6 0.579
 -9   7 0.539
 -9   8 0.496
 -9   9 0.453
 -9  10 0.409
 -9  11 0.366
 -9  12 0.324
 -9  13 0.282
 -9  14 0.241
 -9  15 0.200
 -9  16 0.159
 -9  17 0.119
 -9  18 0.079
 -9  19 0.040
 -9  20 0.000
 -8 -20 0.000
 -8 -19 0.043
 -8 -18 0.086
 -8 -17 0.129
 -8 -16 0.173
 -8 -15 0.217
 -8 -14 0.262
 -8 -13 0.307
 -8 -12 0.353
 -8 -11 0.399
 -8 -10 0.447
 -8  -9 0.496
 -8  -8 0.546
 -8  -7 0.595
 -8  -6 0.643
 -8  -5 0.686
 -8  -4 0.720
 -8  -3 0.746
 -8  -2 0.767
 -8  -1 0.784
 -8   0 0.800
 -8   1 0.784
 -8   2 0.767
 -8   3 0.746
 -8   4 0.720
 -8   5 0.686
 -8   6 0.643
 -8   7 0.595
 -8   8 0.546
 -8   9 0.496
 -8  10 0.447
 -8  11 0.399
 -8  12 0.353
 -8  13 0.307
 -8  14 0.262
 -8  15 0.217
 -8  16 0.173
 -8  17 0.129
 -8  18 0.086
 -8  19 0.043
 -8  20 0.000
 -7 -20 0.000
 -7 -19 0.046
 -7 -18 0.093
 -7 -17 0.139
 -7 -16 0.186
 -7 -15 0.234
 -7 -14 0.282
 -7 -13 0.331
 -7 -12 0.380
 -7 -11 0.432
 -7 -10 0.484
 -7  -9 0.539
 -7  -8 0.595
 -7  -7 0.654
 -7  -6 0.712
 -7  -5 0.765
 -7  -4 0.801
 -7  -3 0.824
 -7  -2 0.841
 -7  -1 0.855
 -7   0 0.867
 -7   1 0.855
 -7   2 0.841
 -7   3 0.824
 -7   4 0.801
 -7   5 0.765
 -7   6 0.712
 -7   7 0.654
 -7   8 0.595
 -7   9 0.539
 -7  10 0.484
 -7  11 0.432
 -7  12 0.380
 -7  13 0.331
 -7  14 0.282
 -7  15 0.234
 -7  16 0.186
 -7  17 0.139
 -7  18 0.093
 -7  19 0.046
 -7  20 0.000
 -6 -20 0.000
 -6 -19 0.050
 -6 -18 0.099
 -6 -17 0.149
 -6 -16 0.199
 -6 -15 0.250
 -6 -14 0.301
 -6 -13 0.354
 -6 -12 0.407
 -6 -11 0.462
 -6 -10 0.519
 -6  -9 0.579
 -6  -8 0.643
 -6  -7 0.712
 -6  -6 0.787
 -6  -5 0.861
 -6  -4 0.893
 -6  -3 0.909
 -6  -2 0.919
 -6  -1 0.927
 -6   0 0.933
 -6   1 0.927
 -6   2 0.919
 -6   3 0.909
 -6   4 0.893
 -6   5 0.861
 -6   6 0.787
 -6   7 0.712
 -6   8 0.643
 -6   9 0.579
 -6  10 0.519
 -6  11 0.462
 -6  12 0.407
 -6  13 0.354
 -6  14 0.301
 -6  15 0.250
 -6  16 0.199
 -6  17 0.149
 -6  18 0.099
 -6  19 0.050
 -6  20 0.000
 -5 -20 0.000
 -5 -19 0.053
 -5 -18 0.105
 -5 -17 0.158
 -5 -16 0.211
 -5 -15 0.265
 -5 -14 0.320
 -5 -13 0.375
 -5 -12 0.432
 -5 -11 0.491
 -5 -10 0.552
 -5  -9 0.616
 -5  -8 0.686
 -5  -7 0.765
 -5  -6 0.861
 -5  -5 1.000
 -5  -4 1.000
 -5  -3 1.000
 -5  -2 1.000
 -5  -1 1.000
 -5   0 1.000
 -5   1 1.000
 -5   2 1.000
 -5   3 1.000
 -5   4 1.000
 -5   5 1.000
 -5   6 0.861
 -5   7 0.765
 -5   8 0.686
 -5   9 0.616
 -5  10 0.552
 -5  11 0.491
 -5  12 0.432
 -5  13 0.375
 -5  14 0.320
 -5  15 0.265
 -5  16 0.211
 -5  17 0.158
 -5  18 0.105
 -5  19 0.053
 -5  20 0.000
 -4 -20 0.000
 -4 -19 0.056
 -4 -18 0.111
 -4 -17 0.167
 -4 -16 0.223
 -4 -15 0.280
 -4 -14 0.337
 -4 -13 0.396
 -4 -12 0.455
 -4 -11 0.516
 -4 -10 0.580
 -4  -9 0.648
 -4  -8 0.720
 -4  -7 0.801
 -4  -6 0.893
 -4  -5 1.000
 -4  -4 1.000
 -4  -3 1.000
 -4  -2 1.000
 -4  -1 1.000
 -4   0 1.000
 -4   1 1.000
 -4   2 1.000
 -4   3 1.000
 -4   4 1.000
 -4   5 1.000
 -4   6 0.893
 -4   7 0.801
 -4   8 0.720
 -4   9 0.648
 -4  10 0.580
 -4  11 0.516
 -4  12 0.455
 -4  13 0.396
 -4  14 0.337
 -4  15 0.280
 -4  16 0.223
 -4  17 0.167
 -4  18 0.111
 -4  19 0.056
 -4  20 0.000
 -3 -20 0.000
 -3 -19 0.058
 -3 -18 0.117
 -3 -17 0.176
 -3 -16 0.235
 -3 -15 0.294
 -3 -14 0.354
 -3 -13 0.415
 -3 -12 0.477
 -3 -11 0.540
 -3 -10 0.605
 -3  -9 0.674
 -3  -8 0.746
 -3  -7 0.824
 -3  -6 0.909
 -3  -5 1.000
 -3  -4 1.000
 -3  -3 1.000
 -3  -2 1.000
 -3  -1 1.000
 -3   0 1.000
 -3   1 1.000
 -3   2 1.000
 -3   3 1.000
 -3   4 1.000
 -3   5 1.000
 -3   6 0.909
 -3   7 0.824
 -3   8 0.746
 -3   9 0.674
 -3  10 0.605
 -3  11 0.540
 -3  12 0.477
 -3  13 0.415
 -3  14 0.354
 -3  15 0.294
 -3  16 0.235
 -3  17 0.176
 -3  18 0.117
 -3  19 0.058
 -3  20 0.000
 -2 -20 0.000
 -2 -19 0.061
 -2 -18 0.123
 -2 -17 0.184
 -2 -16 0.246
 -2 -15 0.307
 -2 -14 0.370
 -2 -13 0.433
 -2 -12 0.496
 -2 -11 0.561
 -2 -10 0.627
 -2  -9 0.696
 -2  -8 0.767
 -2  -7 0.841
 -2  -6 0.919
 -2  -5 1.000
 -2  -4 1.000
 -2  -3 1.000
 -2  -2 1.000
 -2  -1 1.000
 -2   0 1.000
 -2   1 1.000
 -2   2 1.000
 -2   3 1.000
 -2   4 1.000
 -2   5 1.000
 -2   6 0.919
 -2   7 0.841
 -2   8 0.767
 -2   9 0.696
 -2  10 0.627
 -2  11 0.561
 -2  12 0.496
 -2  13 0.433
 -2  14 0.370
 -2  15 0.307
 -2  16 0.246
 -2  17 0.184
 -2  18 0.123
 -2  19 0.061
 -2  20 0.000
 -1 -20 0.000
 -1 -19 0.064
 -1 -18 0.128
 -1 -17 0.192
 -1 -16 0.256
 -1 -15 0.320
 -1 -14 0.385
 -1 -13 0.450
 -1 -12 0.515
 -1 -11 0.581
 -1 -10 0.648
 -1  -9 0.715
 -1  -8 0.784
 -1  -7 0.855
 -1  -6 0.927
 -1  -5 1.000
 -1  -4 1.000
 -1  -3 1.000
 -1  -2 1.000
 -1  -1 1.000
 -1   0 1.000
 -1   1 1.000
 -1   2 1.000
 -1   3 1.000
 -1   4 1.000
 -1   5 1.000
 -1   6 0.927
 -1   7 0.855
 -1   8 0.784
 -1   9 0.715
 -1  10 0.648
 -1  11 0.581
 -1  12 0.515
 -1  13 0.450
 -1  14 0.385
 -1  15 0.320
 -1  16 0.256
 -1  17 0.192
 -1  18 0.128
 -1  19 0.064
 -1  20 0.000
  0 -20 0.000
  0 -19 0.067
  0 -18 0.133
  0 -17 0.200
  0 -16 0.267
  0 -15 0.333
  0 -14 0.400
  0 -13 0.467
  0 -12 0.533
  0 -11 0.600
  0 -10 0.667
  0  -9 0.733
  0  -8 0.800
  0  -7 0.867
  0  -6 0.933
  0  -5 1.000
  0  -4 1.000
  0  -3 1.000
  0  -2 1.000
  0  -1 1.000
  0   0 1.000
  0   1 1.000
  0   2 1.000
  0   3 1.000
  0   4 1.000
  0   5 1.000
  0   6 0.933
  0   7 0.867
  0   8 0.800
  0   9 0.733
  0  10 0.667
  0  11 0.600
  0  12 0.533
  0  13 0.467
  0  14 0.400
  0  15 0.333
  0  16 0.267
  0  17 0.200
  0  18 0.133
  0  19 0.067
  0  20 0.000
  1 -20 0.000
  1 -19 0.064
  1 -18 0.128
  1 -17 0.192
  1 -16 0.256
  1 -15 0.320
  1 -14 0.385
  1 -13 0.450
  1 -12 0.515
  1 -11 0.581
  1 -10 0.648
  1  -9 0.715
  1  -8 0.784
  1  -7 0.855
  1  -6 0.927
  1  -5 1.000
  1  -4 1.000
  1  -3 1.000
  1  -2 1.000
  1  -1 1.000
  1   0 1.000
  1   1 1.000
  1   2 1.000
  1   3 1.000
  1   4 1.000
  1   5 1.000
  1   6 0.927
  1   7 0.855
  1   8 0.784
  1   9 0.715
  1  10 0.648
  1  11 0.581
  1  12 0.515
  1  13 0.450
  1  14 0.385
  1  15 0.320
  1  16 0.256
  1  17 0.192
  1  18 0.128
  1  19 0.064
  1  20 0.000
  2 -20 0.000
  2 -19 0.061
  2 -18 0.123
  2 -17 0.184
  2 -16 0.246
  2 -15 0.307
  2 -14 0.370
  2 -13 0.433
  2 -12 0.496
  2 -11 0.561
  2 -10 0.627
  2  -9 0.696
  2  -8 0.767
  2  -7 0.841
  2  -6 0.919
  2  -5 1.000
  2  -4 1.000
  2  -3 1.000
  2  -2 1.000
  2  -1 1.000
  2   0 1.000
  2   1 1.000
  2   2 1.000
  2   3 1.000
  2   4 1.000
  2   5 1.000
  2   6 0.919
  2   7 0.841
  2   8 0.767
  2   9 0.696
  2  10 0.627
  2  11 0.561
  2  12 0.496
  2  13 0.433
  2  14 0.370
  2  15 0.307
  2  16 0.246
  2  17 0.184
  2  18 0.123
  2  19 0.061
  2  20 0.000
  3 -20 0.000
  3 -19 0.058
  3 -18 0.117
  3 -17 0.176
  3 -16 0.235
  3 -15 0.294
  3 -14 0.354
  3 -13 0.415
  3 -12 0.477
  3 -11 0.540
  3 -10 0.605
  3  -9 0.674
  3  -8 0.746
  3  -7 0.824
  3  -6 0.909
  3  -5 1.000
  3  -4 1.000
  3  -3 1.000
  3  -2 1.000
  3  -1 1.000
  3   0 1.000
  3   1 1.000
  3   2 1.000
  3   3 1.000
  3   4 1.000
  3   5 1.000
  3   6 0.909
  3   7 0.824
  3   8 0.746
  3   9 0.674
  3  10 0.605
  3  11 0.540
  3  12 0.477
  3  13 0.415
  3  14 0.354
  3  15 0.294
  3  16 0.235
  3  17 0.176
  3  18 0.117
  3  19 0.058
  3  20 0.000
  4 -20 0.000
  4 -19 0.056
  4 -18 0.111
  4 -17 0.167
  4 -16 0.223
  4 -15 0.280
  4 -14 0.337
  4 -13 0.396
  4 -12 0.455
  4 -11 0.516
  4 -10 0.580
  4  -9 0.648
  4  -8 0.720
  4  -7 0.801
  4  -6 0.893
  4  -5 1.000
  4  -4 1.000
  4  -3 1.000
  4  -2 1.000
  4  -1 1.000
  4   0 1.000
  4   1 1.000
  4   2 1.000
  4   3 1.000
  4   4 1.000
  4   5 1.000
  4   6 0.893
  4   7 0.801
  4   8 0.720
  4   9 0.648
  4  10 0.580
  4  11 0.516
  4  12 0.455
  4  13 0.396
  4  14 0.337
  4  15 0.280
  4  16 0.223
  4  17 0.167
  4  18 0.111
  4  19 0.056
  4  20 0.000
  5 -20 0.000
  5 -19 0.053
  5 -18 0.105
  5 -17 0.158
  5 -16 0.211
  5 -15 0.265
  5 -14 0.320
  5 -13 0.375
  5 -12 0.432
  5 -11 0.491
  5 -10 0.552
  5  -9 0.616
  5  -8 0.686
  5  -7 0.765
  5  -6 0.861
  5  -5 1.000
  5  -4 1.000
  5  -3 1.000
  5  -2 1.000
  5  -1 1.000
  5   0 1.000
  5   1 1.000
  5   2 1.000
  5   3 1.000
  5   4 1.000
  5   5 1.000
  5   6 0.861
  5   7 0.765
  5   8 0.686
  5   9 0.616
  5  10 0.552
  5  11 0.491
  5  12 0.432
  5  13 0.375
  5  14 0.320
  5  15 0.265
  5  16 0.211
  5  17 0.158
  5  18 0.105
  5  19 0.053
  5  20 0.000
  6 -20 0.000
  6 -19 0.050
  6 -18 0.099
  6 -17 0.149
  6 -16 0.199
  6 -15 0.250
  6 -14 0.301
  6 -13 0.354
  6 -12 0.407
  6 -11 0.462
  6 -10 0.519
  6  -9 0.579
  6  -8 0.643
  6  -7 0.712
  6  -6 0.787
  6  -5 0.861
  6  -4 0.893
  6  -3 0.909
  6  -2 0.919
  6  -1 0.927
  6   0 0.933
  6   1 0.927
  6   2 0.919
  6   3 0.909
  6   4 0.893
  6   5 0.861
  6   6 0.787
  6   7 0.712
  6   8 0.643
  6   9 0.579
  6  10 0.519
  6  11 0.462
  6  12 0.407
  6  13 0.354
  6  14 0.301
  6  15 0.250
  6  16 0.199
  6  17 0.149
  6  18 0.099
  6  19 0.050
  6  20 0.000
  7 -20 0.000
  7 -19 0.046
  7 -18 0.093
  7 -17 0.139
  7 -16 0.186
  7 -15 0.234
  7 -14 0.282
  7 -13 0.331
  7 -12 0.380
  7 -11 0.432
  7 -10 0.484
  7  -9 0.539
  7  -8 0.595
  7  -7 0.654
  7  -6 0.712
  7  -5 0.765
  7  -4 0.801
  7  -3 0.824
  7  -2 0.841
  7  -1 0.855
  7   0 0.867
  7   1 0.855
  7   2 0.841
  7   3 0.824
  7   4 0.801
  7   5 0.765
  7   6 0.712
  7   7 0.654
  7   8 0.595
  7   9 0.539
  7  10 0.484
  7  11 0.432
  7  12 0.380
  7  13 0.331
  7  14 0.282
  7  15 0.234
  7  16 0.186
  7  17 0.139
  7  18 0.093
  7  19 0.046
  7  20 0.000
  8 -20 0.000
  8 -19 0.043
  8 -18 0.086
  8 -17 0.129
  8 -16 0.173
  8 -15 0.217
  8 -14 0.262
  8 -13 0.307
  8 -12 0.353
  8 -11 0.399
  8 -10 0.447
  8  -9 0.496
  8  -8 0.546
  8  -7 0.595
  8  -6 0.643
  8  -5 0.686
  8  -4 0.720
  8  -3 0.746
  8  -2 0.767
  8  -1 0.784
  8   0 0.800
  8   1 0.784
  8   2 0.767
  8   3 0.746
  8   4 0.720
  8   5 0.686
  8   6 0.643
  8   7 0.595
  8   8 0.546
  8   9 0.496
  8  10 0.447
  8  11 0.399
  8  12 0.353
  8  13 0.307
  8  14 0.262
  8  15 0.217
  8  16 0.173
  8  17 0.129
  8  18 0.086
  8  19 0.043
  8  20 0.000
  9 -20 0.000
  9 -19 0.040
  9 -18 0.079
  9 -17 0.119
  9 -16 0.159
  9 -15 0.200
  9 -14 0.241
  9 -13 0.282
  9 -12 0.324
  9 -11 0.366
  9 -10 0.409
  9  -9 0.453
  9  -8 0.496
  9  -7 0.539
  9  -6 0.579
  9  -5 0.616
  9  -4 0.648
  9  -3 0.674
  9  -2 0.696
  9  -1 0.715
  9   0 0.733
  9   1 0.715
  9   2 0.696
  9   3 0.674
  9   4 0.648
  9   5 0.616
  9   6 0.579
  9   7 0.539
  9   8 0.496
  9   9 0.453
  9  10 0.409
  9  11 0.366
  9  12 0.324
  9  13 0.282
  9  14 0.241
  9  15 0.200
  9  16 0.159
  9  17 0.119
  9  18 0.079
  9  19 0.040
  9  20 0.000
 10 -20 0.000
 10 -19 0.036
 10 -18 0.072
 10 -17 0.109
 10 -16 0.145
 10 -15 0.182
 10 -14 0.219
 10 -13 0.257
 10 -12 0.295
 10 -11 0.333
 10 -10 0.371
 10  -9 0.409
 10  -8 0.447
 10  -7 0.484
 10  -6 0.519
 10  -5 0.552
 10  -4 0.580
 10  -3 0.605
 10  -2 0.627
 10  -1 0.648
 10   0 0.667
 10   1 0.648
 10   2 0.627
 10   3 0.605
 10   4 0.580
 10   5 0.552
 10   6 0.519
 10   7 0.484
 10   8 0.447
 10   9 0.409
 10  10 0.371
 10  11 0.333
 10  12 0.295
 10  13 0.257
 10  14 0.219
 10  15 0.182
 10  16 0.145
 10  17 0.109
 10  18 0.072
 10  19 0.036
 10  20 0.000
 11 -20 0.000
 11 -19 0.033
 11 -18 0.065
 11 -17 0.098
 11 -16 0.131
 11 -15 0.164
 11 -14 0.198
 11 -13 0.231
 11 -12 0.265
 11 -11 0.299
 11 -10 0.333
 11  -9 0.366
 11  -8 0.399
 11  -7 0.432
 11  -6 0.462
 11  -5 0.491
 11  -4 0.516
 11  -3 0.540
 11  -2 0.561
 11  -1 0.581
 11   0 0.600
 11   1 0.581
 11   2 0.561
 11   3 0.540
 11   4 0.516
 11   5 0.491
 11   6 0.462
 11   7 0.432
 11   8 0.399
 11   9 0.366
 11  10 0.333
 11  11 0.299
 11  12 0.265
 11  13 0.231
 11  14 0.198
 11  15 0.164
 11  16 0.131
 11  17 0.098
 11  18 0.065
 11  19 0.033
 11  20 0.000
 12 -20 0.000
 12 -19 0.029
 12 -18 0.058
 12 -17 0.088
 12 -16 0.117
 12 -15 0.146
 12 -14 0.176
 12 -13 0.205
 12 -12 0.235
 12 -11 0.265
 12 -10 0.295
 12  -9 0.324
 12  -8 0.353
 12  -7 0.380
 12  -6 0.407
 12  -5 0.432
 12  -4 0.455
 12  -3 0.477
 12  -2 0.496
 12  -1 0.515
 12   0 0.533
 12   1 0.515
 12   2 0.496
 12   3 0.477
 12   4 0.455
 12   5 0.432
 12   6 0.407
 12   7 0.380
 12   8 0.353
 12   9 0.324
 12  10 0.295
 12  11 0.265
 12  12 0.235
 12  13 0.205
 12  14 0.176
 12  15 0.146
 12  16 0.117
 12  17 0.088
 12  18 0.058
 12  19 0.029
 12  20 0.000
 13 -20 0.000
 13 -19 0.026
 13 -18 0.051
 13 -17 0.077
 13 -16 0.102
 13 -15 0.128
 13 -14 0.154
 13 -13 0.180
 13 -12 0.205
 13 -11 0.231
 13 -10 0.257
 13  -9 0.282
 13  -8 0.307
 13  -7 0.331
 13  -6 0.354
 13  -5 0.375
 13  -4 0.396
 13  -3 0.415
 13  -2 0.433
 13  -1 0.450
 13   0 0.467
 13   1 0.450
 13   2 0.433
 13   3 0.415
 13   4 0.396
 13   5 0.375
 13   6 0.354
 13   7 0.331
 13   8 0.307
 13   9 0.282
 13  10 0.257
 13  11 0.231
 13  12 0.205
 13  13 0.180
 13  14 0.154
 13  15 0.128
 13  16 0.102
 13  17 0.077
 13  18 0.051
 13  19 0.026
 13  20 0.000
 14 -20 0.000
 14 -19 0.022
 14 -18 0.044
 14 -17 0.066
 14 -16 0.088
 14 -15 0.110
 14 -14 0.132
 14 -13 0.154
 14 -12 0.176
 14 -11 0.198
 14 -10 0.219
 14  -9 0.241
 14  -8 0.262
 14  -7 0.282
 14  -6 0.301
 14  -5 0.320
 14  -4 0.337
 14  -3 0.354
 14  -2 0.370
 14  -1 0.385
 14   0 0.400
 14   1 0.385
 14   2 0.370
 14   3 0.354
 14   4 0.337
 14   5 0.320
 14   6 0.301
 14   7 0.282
 14   8 0.262
 14   9 0.241
 14  10 0.219
 14  11 0.198
 14  12 0.176
 14  13 0.154
 14  14 0.132
 14  15 0.110
 14  16 0.088
 14  17 0.066
 14  18 0.044
 14  19 0.022
 14  20 0.000
 15 -20 0.000
 15 -19 0.018
 15 -18 0.037
 15 -17 0.055
 15 -16 0.073
 15 -15 0.091
 15 -14 0.110
 15 -13 0.128
 15 -12 0.146
 15 -11 0.164
 15 -10 0.182
 15  -9 0.200
 15  -8 0.217
 15  -7 0.234
 15  -6 0.250
 15  -5 0.265
 15  -4 0.280
 15  -3 0.294
 15  -2 0.307
 15  -1 0.320
 15   0 0.333
 15   1 0.320
 15   2 0.307
 15   3 0.294
 15   4 0.280
 15   5 0.265
 15   6 0.250
 15   7 0.234
 15   8 0.217
 15   9 0.200
 15  10 0.182
 15  11 0.164
 15  12 0.146
 15  13 0.128
 15  14 0.110
 15  15 0.091
 15  16 0.073
 15  17 0.055
 15  18 0.037
 15  19 0.018
 15  20 0.000
 16 -20 0.000
 16 -19 0.015
 16 -18 0.029
 16 -17 0.044
 16 -16 0.058
 16 -15 0.073
 16 -14 0.088
 16 -13 0.102
 16 -12 0.117
 16 -11 0.131
 16 -10 0.145
 16  -9 0.159
 16  -8 0.173
 16  -7 0.186
 16  -6 0.199
 16  -5 0.211
 16  -4 0.223
 16  -3 0.235
 16  -2 0.246
 16  -1 0.256
 16   0 0.267
 16   1 0.256
 16   2 0.246
 16   3 0.235
 16   4 0.223
 16   5 0.211
 16   6 0.199
 16   7 0.186
 16   8 0.173
 16   9 0.159
 16  10 0.145
 16  11 0.131
 16  12 0.117
 16  13 0.102
 16  14 0.088
 16  15 0.073
 16  16 0.058
 16  17 0.044
 16  18 0.029
 16  19 0.015
 16  20 0.000
 17 -20 0.000
 17 -19 0.011
 17 -18 0.022
 17 -17 0.033
 17 -16 0.044
 17 -15 0.055
 17 -14 0.066
 17 -13 0.077
 17 -12 0.088
 17 -11 0.098
 17 -10 0.109
 17  -9 0.119
 17  -8 0.129
 17  -7 0.139
 17  -6 0.149
 17  -5 0.158
 17  -4 0.167
 17  -3 0.176
 17  -2 0.184
 17  -1 0.192
 17   0 0.200
 17   1 0.192
 17   2 0.184
 17   3 0.176
 17   4 0.167
 17   5 0.158
 17   6 0.149
 17   7 0.139
 17   8 0.129
 17   9 0.119
 17  10 0.109
 17  11 0.098
 17  12 0.088
 17  13 0.077
 17  14 0.066
 17  15 0.055
 17  16 0.044
 17  17 0.033
 17  18 0.022
 17  19 0.011
 17  20 0.000
 18 -20 0.000
 18 -19 0.007
 18 -18 0.015
 18 -17 0.022
 18 -16 0.029
 18 -15 0.037
 18 -14 0.044
 18 -13 0.051
 18 -12 0.058
 18 -11 0.065
 18 -10 0.072
 18  -9 0.079
 18  -8 0.086
 18  -7 0.093
 18  -6 0.099
 18  -5 0.105
 18  -4 0.111
 18  -3 0.117
 18  -2 0.123
 18  -1 0.128
 18   0 0.133
 18   1 0.128
 18   2 0.123
 18   3 0.117
 18   4 0.111
 18   5 0.105
 18   6 0.099
 18   7 0.093
 18   8 0.086
 18   9 0.079
 18  10 0.072
 18  11 0.065
 18  12 0.058
 18  13 0.051
 18  14 0.044
 18  15 0.037
 18  16 0.029
 18  17 0.022
 18  18 0.015
 18  19 0.007
 18  20 0.000
 19 -20 0.000
 19 -19 0.004
 19 -18 0.007
 19 -17 0.011
 19 -16 0.015
 19 -15 0.018
 19 -14 0.022
 19 -13 0.026
 19 -12 0.029
 19 -11 0.033
 19 -10 0.036
 19  -9 0.040
 19  -8 0.043
 19  -7 0.046
 19  -6 0.050
 19  -5 0.053
 19  -4 0.056
 19  -3 0.058
 19  -2 0.061
 19  -1 0.064
 19   0 0.067
 19   1 0.064
 19   2 0.061
 19   3 0.058
 19   4 0.056
 19   5 0.053
 19   6 0.050
 19   7 0.046
 19   8 0.043
 19   9 0.040
 19  10 0.036
 19  11 0.033
 19  12 0.029
 19  13 0.026
 19  14 0.022
 19  15 0.018
 19  16 0.015
 19  17 0.011
 19  18 0.007
 19  19 0.004
 19  20 0.000
 20 -20 0.000
 20 -19 0.000
 20 -18 0.000
 20 -17 0.000
 20 -16 0.000
 20 -15 0.000
 20 -14 0.000
 20 -13 0.000
 20 -12 0.000
 20 -11 0.000
 20 -10 0.000
 20  -9 0.000
 20  -8 0.000
 20  -7 0.000
 20  -6 0.000
 20  -5 0.000
 20  -4 0.000
 20  -3 0.000
 20  -2 0.000
 20  -1 0.000
 20   0 0.000
 20   1 0.000
 20   2 0.000
 20   3 0.000
 20   4 0.000
 20   5 0.000
 20   6 0.000
 20   7 0.000
 20   8 0.000
 20   9 0.000
 20  10 0.000
 20  11 0.000
 20  12 0.000
 20  13 0.000
 20  14 0.000
 20  15 0.000
 20  16 0.000
 20  17 0.000
 20  18 0.000
 20  19 0.000
 20  20 0.000
